hole num: 50
hole 0: 6 253

3-4
start hole:48
6 0 1 10 


3-7
start hole:45
8 15 16 6 
8 15 16 6 0 
8 15 16 6 0 1 
8 15 16 6 0 1 10 


3-9
start hole:43
9 11 8 15 
9 11 8 15 16 
9 11 8 15 16 6 
9 11 8 15 16 6 0 
9 11 8 15 16 6 0 1 
9 11 8 15 16 6 0 1 10 


3-8
start hole:44
11 8 15 16 
11 8 15 16 6 
11 8 15 16 6 0 
11 8 15 16 6 0 1 
11 8 15 16 6 0 1 10 


3-6
start hole:46
15 16 6 0 
15 16 6 0 1 
15 16 6 0 1 10 


3-5
start hole:47
16 6 0 1 
16 6 0 1 10 


3-10
start hole:42
21 9 11 8 
21 9 11 8 15 
21 9 11 8 15 16 
21 9 11 8 15 16 6 
21 9 11 8 15 16 6 0 
21 9 11 8 15 16 6 0 1 
21 9 11 8 15 16 6 0 1 10 


3-4
start hole:26
24 19 36 41 
24 19 36 41 


3-9
start hole:14
26 34 55 53 
26 34 55 53 79 
26 34 55 53 79 80 
26 34 55 53 79 80 82 
26 34 55 53 79 80 82 68 
26 34 55 53 79 80 82 68 57 


3-4
start hole:19
26 50 68 57 


3-7
start hole:45
30 15 16 6 
30 15 16 6 0 
30 15 16 6 0 1 
30 15 16 6 0 1 10 


3-8
start hole:15
34 55 53 79 
34 55 53 79 80 
34 55 53 79 80 82 
34 55 53 79 80 82 68 
34 55 53 79 80 82 68 57 


3-4
start hole:45
41 23 32 47 


3-7
start hole:34
44 60 52 63 
44 60 52 63 
44 60 52 63 62 
44 60 52 63 62 
44 60 52 63 62 
44 60 64 78 
44 60 64 78 84 
44 60 74 84 
44 60 74 84 78 
44 60 74 84 78 64 
44 60 74 84 78 64 46 


3-4
start hole:43
46 44 60 52 
46 44 60 74 


3-4
start hole:44
47 41 23 32 


3-9
start hole:32
48 63 52 60 
48 63 52 60 
48 63 52 60 64 
48 63 52 60 64 78 
48 63 52 60 64 78 84 
48 63 52 60 
48 63 52 60 
48 63 52 60 74 
48 63 52 60 74 84 
48 63 52 60 74 84 78 
48 63 52 60 74 84 78 64 
48 63 52 60 74 84 78 64 46 


3-8
start hole:15
50 55 53 79 
50 55 53 79 80 
50 55 53 79 80 82 
50 55 53 79 80 82 68 
50 55 53 79 80 82 68 57 


3-7
start hole:34
52 60 64 78 
52 60 64 78 84 
52 60 74 84 
52 60 74 84 78 
52 60 74 84 78 64 
52 60 74 84 78 64 46 


3-6
start hole:17
53 79 80 82 
53 79 80 82 68 
53 79 80 82 68 57 


3-7
start hole:16
55 53 79 80 
55 53 79 80 82 
55 53 79 80 82 68 
55 53 79 80 82 68 57 


3-5
start hole:18
55 80 82 68 
55 80 82 68 57 


3-5
start hole:44
56 41 23 32 
56 41 23 32 
56 41 23 32 47 


3-4
start hole:34
60 64 74 84 
60 74 64 78 


3-6
start hole:35
60 52 63 62 
60 52 63 62 
60 52 63 62 
60 64 78 84 
60 74 84 78 
60 74 84 78 64 
60 74 84 78 64 46 


3-8
start hole:33
63 52 60 64 
63 52 60 64 78 
63 52 60 64 78 84 
63 52 60 74 
63 52 60 74 84 
63 52 60 74 84 78 
63 52 60 74 84 78 64 
63 52 60 74 84 78 64 46 


3-5
start hole:34
64 60 52 63 
64 60 52 63 
64 60 52 63 62 
64 60 52 63 62 
64 60 52 63 62 
64 60 74 84 


3-4
start hole:32
67 62 47 41 


3-7
start hole:34
73 60 52 63 
73 60 52 63 
73 60 52 63 62 
73 60 52 63 62 
73 60 52 63 62 
73 60 64 78 
73 60 64 78 84 
73 60 74 84 
73 60 74 84 78 
73 60 74 84 78 64 
73 60 74 84 78 64 46 


3-5
start hole:34
74 60 52 63 
74 60 52 63 
74 60 52 63 62 
74 60 52 63 62 
74 60 52 63 62 
74 60 64 78 


3-5
start hole:36
74 84 78 64 
74 84 78 64 46 


3-8
start hole:33
75 73 60 52 
75 73 60 52 63 
75 73 60 52 63 
75 73 60 52 63 62 
75 73 60 52 63 62 
75 73 60 52 63 62 
75 73 60 64 
75 73 60 64 78 
75 73 60 64 78 84 
75 73 60 74 
75 73 60 74 84 
75 73 60 74 84 78 
75 73 60 74 84 78 64 
75 73 60 74 84 78 64 46 


3-4
start hole:32
77 62 47 41 


3-6
start hole:33
78 64 60 52 
78 64 60 52 63 
78 64 60 52 63 
78 64 60 52 63 62 
78 64 60 52 63 62 
78 64 60 52 63 62 
78 64 60 74 


3-5
start hole:18
79 80 82 68 
79 80 82 68 57 


3-4
start hole:19
80 82 68 57 


3-9
start hole:32
81 75 73 60 
81 75 73 60 
81 75 73 60 52 
81 75 73 60 52 63 
81 75 73 60 52 63 
81 75 73 60 52 63 62 
81 75 73 60 52 63 62 
81 75 73 60 52 63 62 
81 75 73 60 
81 75 73 60 64 
81 75 73 60 64 78 
81 75 73 60 64 78 84 
81 75 73 60 
81 75 73 60 74 
81 75 73 60 74 84 
81 75 73 60 74 84 78 
81 75 73 60 74 84 78 64 
81 75 73 60 74 84 78 64 46 


3-6
start hole:33
84 74 60 52 
84 74 60 52 63 
84 74 60 52 63 
84 74 60 52 63 62 
84 74 60 52 63 62 
84 74 60 52 63 62 
84 74 60 64 


3-4
start hole:37
84 78 64 46 


3-12
start hole:29
87 91 88 81 
87 91 88 81 75 
87 91 88 81 75 73 
87 91 88 81 75 73 60 
87 91 88 81 75 73 60 
87 91 88 81 75 73 60 52 
87 91 88 81 75 73 60 52 63 
87 91 88 81 75 73 60 52 63 
87 91 88 81 75 73 60 52 63 62 
87 91 88 81 75 73 60 52 63 62 
87 91 88 81 75 73 60 52 63 62 
87 91 88 81 75 73 60 
87 91 88 81 75 73 60 64 
87 91 88 81 75 73 60 64 78 
87 91 88 81 75 73 60 64 78 84 
87 91 88 81 75 73 60 
87 91 88 81 75 73 60 74 
87 91 88 81 75 73 60 74 84 
87 91 88 81 75 73 60 74 84 78 
87 91 88 81 75 73 60 74 84 78 64 
87 91 88 81 75 73 60 74 84 78 64 46 


3-11
start hole:30
87 88 81 75 
87 88 81 75 73 
87 88 81 75 73 60 
87 88 81 75 73 60 
87 88 81 75 73 60 52 
87 88 81 75 73 60 52 63 
87 88 81 75 73 60 52 63 
87 88 81 75 73 60 52 63 62 
87 88 81 75 73 60 52 63 62 
87 88 81 75 73 60 52 63 62 
87 88 81 75 73 60 
87 88 81 75 73 60 64 
87 88 81 75 73 60 64 78 
87 88 81 75 73 60 64 78 84 
87 88 81 75 73 60 
87 88 81 75 73 60 74 
87 88 81 75 73 60 74 84 
87 88 81 75 73 60 74 84 78 
87 88 81 75 73 60 74 84 78 64 
87 88 81 75 73 60 74 84 78 64 46 


3-10
start hole:31
88 81 75 73 
88 81 75 73 60 
88 81 75 73 60 
88 81 75 73 60 52 
88 81 75 73 60 52 63 
88 81 75 73 60 52 63 
88 81 75 73 60 52 63 62 
88 81 75 73 60 52 63 62 
88 81 75 73 60 52 63 62 
88 81 75 73 60 
88 81 75 73 60 64 
88 81 75 73 60 64 78 
88 81 75 73 60 64 78 84 
88 81 75 73 60 
88 81 75 73 60 74 
88 81 75 73 60 74 84 
88 81 75 73 60 74 84 78 
88 81 75 73 60 74 84 78 64 
88 81 75 73 60 74 84 78 64 46 


3-12
start hole:29
91 87 88 81 
91 87 88 81 75 
91 87 88 81 75 73 
91 87 88 81 75 73 60 
91 87 88 81 75 73 60 
91 87 88 81 75 73 60 52 
91 87 88 81 75 73 60 52 63 
91 87 88 81 75 73 60 52 63 
91 87 88 81 75 73 60 52 63 62 
91 87 88 81 75 73 60 52 63 62 
91 87 88 81 75 73 60 52 63 62 
91 87 88 81 75 73 60 
91 87 88 81 75 73 60 64 
91 87 88 81 75 73 60 64 78 
91 87 88 81 75 73 60 64 78 84 
91 87 88 81 75 73 60 
91 87 88 81 75 73 60 74 
91 87 88 81 75 73 60 74 84 
91 87 88 81 75 73 60 74 84 78 
91 87 88 81 75 73 60 74 84 78 64 
91 87 88 81 75 73 60 74 84 78 64 46 


3-11
start hole:30
91 88 81 75 
91 88 81 75 73 
91 88 81 75 73 60 
91 88 81 75 73 60 
91 88 81 75 73 60 52 
91 88 81 75 73 60 52 63 
91 88 81 75 73 60 52 63 
91 88 81 75 73 60 52 63 62 
91 88 81 75 73 60 52 63 62 
91 88 81 75 73 60 52 63 62 
91 88 81 75 73 60 
91 88 81 75 73 60 64 
91 88 81 75 73 60 64 78 
91 88 81 75 73 60 64 78 84 
91 88 81 75 73 60 
91 88 81 75 73 60 74 
91 88 81 75 73 60 74 84 
91 88 81 75 73 60 74 84 78 
91 88 81 75 73 60 74 84 78 64 
91 88 81 75 73 60 74 84 78 64 46 
